全变量模型摘要：
                         Results: Logit
=================================================================
Model:              Logit            Method:           MLE       
Dependent Variable: 1适合LLM           Pseudo R-squared: 0.068     
Date:               2025-07-04 17:25 AIC:              1145.1216 
No. Observations:   972              BIC:              1218.3119 
Df Model:           14               Log-Likelihood:   -557.56   
Df Residuals:       957              LL-Null:          -598.26   
Converged:          1.0000           LLR p-value:      1.5501e-11
No. Iterations:     7.0000           Scale:            1.0000    
------------------------------------------------------------------
               Coef.   Std.Err.     z     P>|z|    [0.025   0.975]
------------------------------------------------------------------
const         -0.2044    0.1766  -1.1570  0.2473  -0.5506   0.1418
DPT*          -0.0009    0.0004  -2.2962  0.0217  -0.0016  -0.0001
Inner         -0.5408    0.2179  -2.4814  0.0131  -0.9680  -0.1136
LCOM          -0.0027    0.0272  -0.0998  0.9205  -0.0560   0.0505
PDpt           0.0578    0.0269   2.1480  0.0317   0.0051   0.1105
TCOM_RAT      -0.9740    0.5686  -1.7130  0.0867  -2.0885   0.1404
CLOC          -0.0063    0.0047  -1.3442  0.1789  -0.0155   0.0029
CONS          -0.1737    0.0681  -2.5506  0.0108  -0.3071  -0.0402
INNER          0.0034    0.0315   0.1084  0.9137  -0.0582   0.0651
jf            -0.7415    0.2124  -3.4919  0.0005  -1.1578  -0.3253
LOC            0.0019    0.0009   2.2034  0.0276   0.0002   0.0036
Jm             0.3880    0.6654   0.5831  0.5598  -0.9161   1.6921
MPC           -0.0063    0.0023  -2.7045  0.0068  -0.0109  -0.0017
NTP            0.3899    0.2601   1.4991  0.1338  -0.1198   0.8996
TODO           0.0045    0.1299   0.0345  0.9724  -0.2501   0.2591
=================================================================



最终模型摘要：
                         Results: Logit
=================================================================
Model:              Logit            Method:           MLE       
Dependent Variable: 1适合LLM           Pseudo R-squared: 0.068     
Date:               2025-07-04 17:25 AIC:              1145.1216 
No. Observations:   972              BIC:              1218.3119 
Df Model:           14               Log-Likelihood:   -557.56   
Df Residuals:       957              LL-Null:          -598.26   
Converged:          1.0000           LLR p-value:      1.5501e-11
No. Iterations:     7.0000           Scale:            1.0000    
------------------------------------------------------------------
               Coef.   Std.Err.     z     P>|z|    [0.025   0.975]
------------------------------------------------------------------
const         -0.2044    0.1766  -1.1570  0.2473  -0.5506   0.1418
INNER          0.0034    0.0315   0.1084  0.9137  -0.0582   0.0651
LOC            0.0019    0.0009   2.2034  0.0276   0.0002   0.0036
Jm             0.3880    0.6654   0.5831  0.5598  -0.9161   1.6921
NTP            0.3899    0.2601   1.4991  0.1338  -0.1198   0.8996
CONS          -0.1737    0.0681  -2.5506  0.0108  -0.3071  -0.0402
MPC           -0.0063    0.0023  -2.7045  0.0068  -0.0109  -0.0017
TCOM_RAT      -0.9740    0.5686  -1.7130  0.0867  -2.0885   0.1404
LCOM          -0.0027    0.0272  -0.0998  0.9205  -0.0560   0.0505
Inner         -0.5408    0.2179  -2.4814  0.0131  -0.9680  -0.1136
jf            -0.7415    0.2124  -3.4919  0.0005  -1.1578  -0.3253
TODO           0.0045    0.1299   0.0345  0.9724  -0.2501   0.2591
PDpt           0.0578    0.0269   2.1480  0.0317   0.0051   0.1105
CLOC          -0.0063    0.0047  -1.3442  0.1789  -0.0155   0.0029
DPT*          -0.0009    0.0004  -2.2962  0.0217  -0.0016  -0.0001
=================================================================
